1280 800
4 1400 2
1.0 1.0 0.0 0.5
0.0 1.0 1.0 0.5
1.0 0.0 1.0 0.5
1.0 1.0 1.0 0.5
95 211 29 29 1
6 254 14 45 0
106 50 31 46 0
11 461 18 27 0
61 489 48 48 1
68 579 0 45 1
66 585 16 13 1
59 433 35 22 0
15 510 23 13 3
58 170 36 16 1
56 583 6 33 3
99 270 12 44 0
118 586 18 45 2
88 457 17 21 0
8 694 28 11 3
99 568 6 30 3
85 243 21 19 1
30 79 46 21 1
66 545 6 23 1
98 453 42 30 0
35 268 3 49 2
34 416 46 25 3
3 592 38 21 0
18 377 47 33 0
34 264 44 41 0
118 202 1 40 0
92 723 1 25 1
34 14 7 48 2
35 696 45 14 2
114 282 16 34 2
78 568 40 19 1
24 408 12 17 1
81 292 34 44 3
45 171 31 23 1
16 58 19 20 3
69 409 26 37 2
57 592 31 11 1
50 264 7 22 2
79 490 16 41 3
66 749 19 11 2
109 5 27 34 2
16 418 49 42 1
12 570 13 29 0
36 569 3 40 0
94 616 32 18 0
13 386 22 38 0
110 422 4 47 0
44 96 30 29 1
48 47 14 45 0
1 140 26 21 1
42 288 37 46 3
44 679 1 25 1
1 79 16 16 2
82 53 29 35 1
54 662 1 18 3
10 232 13 17 2
91 68 3 33 2
85 581 25 22 3
33 129 44 37 0
116 448 33 17 3
12 114 42 40 0
19 554 49 49 0
64 324 45 17 1
88 171 18 33 3
54 676 33 10 0
25 331 4 13 1
7 629 19 25 1
28 179 12 46 0
33 26 10 17 3
101 253 2 16 2
48 493 12 33 2
101 712 41 40 2
69 686 20 17 3
69 749 39 22 2
35 516 20 13 3
1 317 12 46 2
19 529 37 21 2
43 261 9 44 0
4 253 24 49 3
47 204 42 14 0
97 225 16 17 0
104 395 25 39 0
109 169 40 48 2
116 112 24 26 2
1 14 29 14 0
18 161 39 39 1
86 259 12 24 1
93 451 43 41 2
93 649 47 43 0
40 419 42 36 1
51 508 0 22 1
66 285 37 18 0
48 31 39 14 0
5 636 35 40 0
60 647 32 45 1
85 173 7 42 0
82 35 0 21 1
28 102 5 18 3
11 754 45 17 0
53 423 42 34 0
77 457 31 24 2
15 107 8 35 1
82 288 31 19 3
73 444 22 16 2
71 32 9 27 2
4 434 10 25 3
32 699 27 32 3
49 453 0 27 1
83 312 20 39 3
35 599 34 46 2
30 771 43 27 2
75 274 10 44 1
20 359 42 41 2
85 108 2 36 3
64 617 29 22 3
26 712 34 40 0
7 318 7 33 1
24 748 44 17 2
90 551 12 23 1
0 306 45 15 3
64 479 12 19 2
32 280 21 13 3
44 29 48 35 0
104 167 5 17 3
110 236 23 11 3
58 49 30 21 3
84 553 41 19 2
68 49 15 24 0
18 332 29 47 0
6 568 25 37 1
97 265 9 39 0
23 734 29 27 3
58 13 5 16 0
8 791 42 29 3
55 799 4 37 1
24 297 17 10 3
74 709 41 47 3
112 357 8 47 2
76 98 26 16 2
113 397 20 13 0
32 143 14 46 1
57 720 25 27 2
85 523 17 30 1
8 291 38 26 0
83 66 26 46 1
69 517 40 37 1
72 113 24 11 1
88 606 7 43 2
3 500 34 30 3
96 314 33 32 2
44 12 13 19 3
31 643 47 24 3
97 291 43 21 1
39 627 28 22 0
103 41 26 32 2
40 267 40 47 3
68 732 4 31 1
92 390 11 29 2
10 297 32 42 3
52 228 46 29 1
92 437 6 21 2
21 299 25 29 1
73 750 5 27 0
57 269 11 42 0
116 188 8 19 2
14 221 3 40 1
16 483 2 45 2
36 740 17 24 2
56 181 22 16 0
62 60 22 47 1
91 164 27 44 2
98 567 41 34 1
34 649 18 49 2
116 279 32 47 2
14 244 23 15 0
15 244 48 16 0
110 325 0 44 0
5 766 17 49 2
8 139 15 48 0
74 313 40 39 1
116 272 47 15 3
39 591 7 14 3
33 482 20 15 1
90 216 23 30 3
108 658 19 28 2
10 661 47 34 3
69 723 24 18 1
74 78 48 48 2
12 274 21 21 3
51 92 14 27 3
35 789 8 36 2
84 626 3 22 0
55 74 2 24 1
60 341 13 20 1
38 630 25 34 0
64 103 27 14 2
80 510 12 46 2
92 85 47 37 2
48 446 44 33 2
26 36 36 44 3
21 748 43 31 3
72 92 43 45 2
13 46 28 29 3
13 333 15 32 2
115 240 4 39 2
102 165 36 28 3
56 373 5 39 2
47 614 42 36 1
20 140 44 34 0
45 49 20 39 2
21 483 20 15 3
116 533 27 21 3
50 462 27 23 1
117 340 35 29 1
99 627 26 14 0
74 412 30 37 3
108 190 44 43 2
72 291 12 39 0
72 381 24 40 3
104 243 15 18 3
25 194 11 18 3
24 760 17 43 1
41 525 40 39 2
85 630 13 48 2
58 89 39 35 0
87 420 24 48 2
1 789 5 27 0
24 533 40 42 0
14 600 33 43 3
80 328 0 12 0
114 348 2 27 1
85 517 31 25 0
71 411 7 17 2
99 483 16 25 0
4 468 16 26 0
96 619 9 19 3
27 316 46 16 1
32 765 35 18 3
98 284 29 29 0
85 358 19 49 2
100 119 37 20 1
107 771 35 17 1
80 487 40 35 0
100 662 43 23 2
47 311 9 37 0
40 218 36 30 0
98 401 34 38 0
2 365 36 33 2
93 373 8 36 1
113 7 0 28 0
74 410 35 35 3
14 417 23 22 1
52 304 4 45 0
84 660 33 11 3
76 8 2 36 1
89 773 20 46 3
73 253 25 24 0
30 360 40 15 2
95 351 47 19 2
18 112 6 48 0
56 403 18 43 0
17 97 5 44 0
69 726 24 17 2
114 641 14 49 1
6 170 15 49 0
14 528 1 35 0
66 663 10 26 0
15 333 26 16 2
101 360 47 39 2
42 387 35 46 1
66 413 6 37 2
99 773 20 48 0
82 595 28 42 1
3 326 16 18 1
13 260 46 15 3
30 51 45 36 3
85 339 49 27 0
41 711 33 17 2
1 119 40 44 0
62 463 8 32 2
83 622 13 22 0
12 676 46 45 2
44 297 29 45 2
33 777 9 27 1
51 69 36 14 3
27 586 4 47 3
75 483 47 16 0
2 104 12 34 3
93 589 23 46 2
10 716 11 18 1
93 617 31 11 1
37 35 33 41 1
60 597 40 47 2
46 761 45 23 1
19 105 8 10 3
118 443 43 49 0
66 146 48 14 2
83 286 19 40 3
60 757 38 24 2
104 652 40 35 2
116 103 30 32 2
59 658 10 34 0
83 490 27 33 1
39 462 33 18 0
109 266 7 42 2
76 691 40 25 2
94 635 25 48 3
87 12 14 19 0
114 797 13 20 2
50 733 30 38 0
91 120 49 48 1
36 243 26 23 0
30 767 10 19 0
91 451 9 18 1
89 684 35 38 0
37 372 6 39 0
15 663 27 25 1
23 84 46 32 2
104 568 3 12 1
16 38 31 49 0
84 230 31 40 2
19 632 7 22 0
5 752 47 34 3
4 657 46 33 3
86 382 43 24 0
0 189 19 30 1
9 130 42 15 2
34 780 8 30 3
6 128 14 47 0
20 202 18 16 1
94 407 49 16 0
117 737 17 10 3
117 368 28 15 2
78 84 36 47 1
89 676 19 19 0
22 187 20 25 1
47 564 48 14 2
4 232 42 42 3
84 687 3 43 1
89 553 23 14 3
90 95 18 16 0
2 489 3 33 2
33 648 4 39 3
84 682 28 11 1
105 173 18 26 1
40 396 7 30 1
16 484 13 20 0
113 709 30 25 0
29 310 37 28 3
98 444 3 25 0
88 793 47 36 3
53 709 6 20 3
96 602 40 28 3
82 497 27 17 1
93 23 18 36 1
69 156 35 39 2
110 247 34 42 0
35 296 28 40 1
57 679 47 25 3
107 759 42 14 3
29 160 37 33 2
28 37 21 39 1
110 492 17 22 0
14 494 8 44 1
100 598 45 49 3
113 174 24 43 0
59 396 7 12 1
70 407 10 42 1
65 156 48 45 1
26 131 30 17 2
15 395 27 16 1
91 265 47 26 1
89 4 0 42 1
34 203 29 10 1
8 724 38 19 1
63 69 19 48 2
20 281 37 32 1
118 23 15 40 3
56 447 2 38 2
77 585 0 16 0
78 89 37 45 2
41 458 0 28 1
62 438 6 44 3
99 606 25 45 3
24 539 12 18 1
109 236 45 37 0
42 595 43 37 2
31 535 11 11 2
84 510 31 43 3
106 256 20 18 3
119 603 33 16 3
69 163 32 43 3
48 742 12 34 1
62 717 39 11 0
79 256 27 35 3
68 371 21 40 2
68 650 1 45 0
24 530 41 46 1
47 91 2 16 3
40 714 5 33 0
50 772 43 22 2
104 220 36 41 1
30 64 23 46 3
27 543 45 21 3
98 443 31 21 2
30 711 18 15 0
2 425 0 22 3
86 678 10 34 2
47 578 49 49 0
102 755 26 11 3
54 781 43 31 3
10 157 5 34 0
15 628 44 26 2
65 547 45 16 0
21 679 43 32 1
56 700 27 37 3
1 522 39 29 2
110 3 2 17 2
86 77 32 39 0
113 564 44 11 1
63 49 10 19 1
11 580 49 11 1
33 449 9 24 1
73 65 49 25 3
101 667 3 28 0
113 694 20 27 3
2 709 7 11 0
116 206 19 23 3
46 83 16 17 0
117 104 20 10 0
112 651 42 25 3
67 760 11 11 1
56 754 19 41 3
59 646 38 32 3
52 101 12 12 1
14 148 40 43 1
7 239 15 20 0
0 727 35 39 3
66 572 48 30 3
101 225 27 33 2
110 399 21 19 3
27 91 16 45 3
62 427 25 44 2
100 252 4 45 0
110 472 42 37 1
94 444 1 38 1
54 28 10 48 3
6 666 29 48 1
78 447 15 22 2
106 493 38 36 0
69 623 10 10 3
29 66 10 46 3
87 394 0 38 1
67 58 37 28 1
2 398 9 35 1
66 432 33 38 0
39 86 7 15 2
28 30 13 48 3
33 274 27 11 1
61 697 46 37 3
108 110 18 22 1
46 220 14 35 2
67 170 8 27 1
8 663 35 30 2
51 748 42 40 0
49 131 30 20 2
57 737 13 46 0
51 513 12 42 0
115 266 31 22 0
53 764 29 33 2
66 211 22 28 0
102 519 47 33 1
102 553 38 19 2
0 95 38 41 2
0 785 9 21 3
74 520 18 10 2
92 529 3 36 1
40 456 37 33 1
84 92 35 47 3
108 392 40 47 3
62 128 34 28 3
28 74 28 44 1
112 580 15 25 1
112 738 24 16 2
119 413 36 37 0
88 368 2 46 2
92 204 18 33 1
81 716 47 41 1
12 400 9 24 2
4 589 17 27 0
48 693 11 29 1
119 736 24 46 2
115 636 36 39 0
46 165 42 29 1
68 394 1 21 1
103 522 39 39 3
113 307 48 11 1
99 67 5 35 0
66 507 38 25 2
25 587 46 34 0
44 566 7 48 3
11 528 46 29 2
39 305 21 31 0
86 100 6 25 2
62 379 33 29 0
8 203 12 12 1
2 696 18 38 3
92 25 7 45 0
79 599 43 17 1
29 279 5 25 3
1 416 33 24 3
63 776 34 17 3
76 514 13 21 0
45 329 49 44 2
57 299 8 32 3
30 721 22 43 1
109 362 5 49 2
73 352 38 38 3
29 731 16 27 0
49 647 30 34 3
113 576 2 18 3
8 349 46 20 2
60 380 17 14 1
21 562 37 25 0
68 771 29 11 1
119 137 20 44 0
64 79 34 48 1
43 205 29 22 0
41 237 41 43 1
85 414 35 36 2
20 287 30 39 0
71 18 44 45 1
77 640 39 43 0
44 574 4 41 1
30 425 25 48 3
40 71 27 42 3
29 231 7 27 3
112 337 42 29 3
57 672 11 32 3
29 678 48 39 2
10 369 40 30 0
56 588 4 39 0
9 445 2 38 3
20 222 30 27 0
83 449 40 39 0
42 418 0 40 0
34 94 40 25 3
31 98 40 38 3
108 527 49 11 0
24 353 15 46 2
51 299 20 27 3
40 3 28 35 2
95 699 3 17 2
118 629 30 15 0
77 436 9 10 2
17 770 32 44 0
60 23 39 17 3
107 766 38 14 0
99 441 37 30 1
106 639 43 48 3
12 658 49 16 0
109 618 20 46 0
86 475 3 14 0
39 684 33 22 0
70 128 40 21 3
114 630 2 34 2
69 45 15 25 0
34 321 31 40 3
109 187 44 12 3
33 341 31 35 3
112 786 27 10 1
96 310 32 18 1
6 505 26 46 2
76 585 8 34 1
46 179 33 22 0
89 19 27 15 1
1 551 34 37 0
113 653 12 10 0
42 351 19 38 1
19 147 35 48 2
28 432 15 41 1
47 223 27 39 3
22 632 49 48 0
35 179 15 20 0
48 348 33 40 1
22 228 27 46 0
88 510 17 25 1
113 751 5 28 2
110 568 39 20 0
112 402 24 10 0
61 724 34 22 0
86 587 24 38 1
52 6 0 47 1
108 347 31 38 0
15 529 8 20 1
37 552 47 21 2
69 257 41 24 2
78 585 33 41 3
104 45 32 46 3
101 136 9 26 3
104 195 12 40 3
99 129 23 47 3
67 608 5 39 0
98 589 27 16 3
61 200 40 15 3
107 719 43 42 2
13 737 13 13 0
91 613 41 37 0
117 222 41 31 0
98 485 7 39 1
54 195 34 23 3
84 725 3 36 0
54 634 10 16 3
63 196 10 17 0
79 405 31 18 0
2 745 49 42 0
63 198 38 17 2
43 88 23 16 1
87 112 40 41 3
18 180 2 25 0
81 600 45 18 1
8 158 9 24 2
48 256 26 40 3
51 514 43 47 1
78 152 44 35 3
105 435 22 40 0
8 465 9 25 3
74 292 3 31 1
59 72 13 23 3
44 541 43 13 3
66 4 46 20 2
109 399 31 49 3
66 435 12 15 3
11 155 48 17 1
96 1 23 34 0
22 570 0 39 0
76 419 18 11 0
63 570 15 38 2
37 421 41 44 0
77 373 48 17 1
41 185 46 25 3
9 119 41 26 0
103 708 45 34 2
55 194 47 48 0
102 288 3 22 1
28 219 8 17 0
15 0 34 31 2
105 192 17 32 1
28 53 27 12 0
7 462 1 38 2
111 187 19 44 2
93 737 15 34 1
89 752 31 13 3
21 334 10 16 0
66 223 47 48 2
106 347 7 26 0
70 457 0 27 2
54 452 32 24 0
34 696 44 13 3
66 622 44 35 3
100 646 47 20 2
59 339 38 26 1
22 514 3 41 1
18 589 17 15 3
62 718 13 25 1
51 188 34 11 3
40 366 19 42 0
109 295 7 26 0
56 413 28 12 1
80 295 43 15 0
110 284 35 18 1
2 440 34 49 2
2 551 8 11 0
95 530 2 10 3
44 304 9 12 0
32 692 27 46 0
45 500 28 16 1
16 562 15 42 1
89 264 46 33 3
14 475 6 19 0
82 107 2 11 2
104 604 38 19 1
75 534 16 31 2
16 476 33 20 0
20 8 8 21 2
38 593 35 16 3
96 732 26 11 1
53 323 14 12 2
94 350 2 13 3
78 483 14 13 1
55 632 31 25 3
26 394 31 37 1
66 67 0 20 0
53 536 33 26 1
95 483 38 27 3
5 561 40 43 1
22 113 31 30 0
110 13 31 47 2
75 340 33 48 2
95 425 1 18 2
52 712 5 45 3
83 443 3 37 0
112 401 7 41 0
53 74 48 43 2
82 413 18 45 1
11 702 43 19 3
19 248 30 38 0
60 738 28 14 1
72 248 44 10 2
94 79 7 23 1
78 461 20 45 2
32 536 28 33 2
0 233 5 12 1
84 577 20 32 0
97 686 15 39 2
118 430 40 47 0
30 680 0 21 2
109 309 0 18 1
98 790 29 29 0
96 527 1 44 2
97 437 12 13 0
74 322 1 16 2
21 433 12 42 0
3 627 9 37 0
26 401 6 47 3
79 463 6 38 0
107 245 18 30 2
16 321 45 35 0
111 395 0 46 3
88 44 48 47 2
94 749 24 38 3
85 721 41 44 2
23 195 23 47 1
93 536 10 13 1
55 45 18 17 2
8 488 6 30 1
117 169 35 38 0
9 486 19 17 3
118 737 3 23 2
64 386 46 48 2
11 490 38 28 2
43 549 2 16 0
3 644 18 23 0
1 30 11 29 0
85 98 7 21 1
80 770 48 17 2
26 631 26 31 0
72 659 25 41 0
32 473 38 29 1
32 282 6 35 0
24 774 46 10 3
13 325 32 23 0
34 137 40 40 0
61 483 42 19 1
60 711 2 36 3
93 474 10 13 1
99 634 45 24 0
82 137 42 45 1
77 479 40 31 0
32 592 3 38 2
114 128 34 16 0
17 647 47 45 0
11 10 6 24 0
13 155 35 23 2
44 443 15 47 0
9 14 17 45 1
115 563 12 28 2
91 775 13 29 3
57 569 32 45 2
38 663 2 24 0
27 732 24 33 2
0 109 46 38 0
101 43 32 11 0
88 669 12 26 3
56 15 30 12 0
22 32 44 49 0
20 511 12 46 3
7 332 46 20 1
52 201 1 35 1
30 533 26 26 2
34 19 0 21 1
10 614 46 31 2
5 613 10 23 1
87 483 25 19 1
5 248 28 33 1
18 632 36 43 1
68 589 18 22 3
85 732 32 16 0
106 796 34 23 3
87 47 27 47 2
80 521 23 42 3
114 570 21 14 3
55 576 30 45 2
6 588 12 34 3
82 397 21 46 0
7 674 24 49 1
82 167 46 31 1
15 346 10 24 2
37 156 30 12 2
13 720 19 36 2
20 497 35 12 0
41 634 11 39 0
26 340 42 43 3
35 235 46 11 3
17 441 47 29 2
27 122 24 38 2
40 494 35 21 3
39 339 41 46 1
73 792 2 12 3
110 530 20 17 1
48 704 20 40 1
61 467 49 43 1
83 701 21 31 0
38 752 13 19 0
65 472 23 40 3
17 378 32 47 0
0 434 37 19 1
111 623 31 18 2
100 112 12 33 2
9 95 13 23 3
29 58 23 47 3
41 798 40 21 1
117 488 49 12 0
81 471 1 45 1
78 636 15 48 1
33 591 18 34 2
4 742 22 10 2
56 595 7 24 0
105 110 11 43 2
103 706 10 42 0
10 165 41 21 3
117 511 4 25 1
100 277 11 47 1
56 519 16 27 3
56 553 32 10 2
97 516 7 36 2
58 182 5 41 3
87 509 19 33 3
53 694 34 27 1
37 163 13 31 0
24 575 1 37 0
86 607 20 23 2
108 411 30 43 3
114 685 16 41 1
87 341 49 18 3
2 502 33 30 3
21 331 0 31 3
83 302 1 40 0
22 55 5 23 2
35 564 16 49 2
43 209 38 24 2
83 543 24 34 2
19 413 8 37 1
64 628 44 36 0
69 401 41 45 3
59 467 40 21 3
2 407 32 41 0
25 413 23 28 1
72 10 43 29 1
104 446 0 30 1
4 438 0 10 0
95 416 24 37 2
80 55 15 25 3
105 136 46 31 1
102 506 3 30 1
90 73 1 28 2
20 735 7 19 2
53 237 13 19 2
106 332 45 27 3
64 344 24 45 3
79 693 28 28 2
58 211 47 37 2
82 40 31 11 1
73 174 42 25 2
60 300 48 27 0
91 631 32 26 2
83 778 16 17 0
56 0 10 12 3
99 482 22 44 0
39 452 34 17 0
54 306 5 25 2
82 284 38 12 2
83 612 20 14 2
2 675 12 41 2
11 323 13 47 2
3 784 12 25 0
24 710 1 17 2
50 412 39 11 1
44 179 16 38 2
40 234 11 43 2
15 108 30 42 0
56 44 41 43 0
96 595 42 44 3
107 557 6 28 1
71 707 11 15 1
103 466 8 39 0
115 18 14 32 2
36 416 9 48 3
69 671 7 19 3
107 74 3 25 1
34 331 32 46 2
62 512 48 44 1
109 416 24 14 3
117 162 2 48 1
119 565 31 33 3
98 501 45 17 0
49 447 34 46 3
81 219 43 27 0
29 519 8 30 2
47 656 40 36 2
53 114 16 46 2
23 216 39 12 1
43 101 22 37 0
115 227 6 23 3
96 123 6 34 3
27 584 4 37 2
85 363 21 30 0
113 770 22 19 0
82 625 34 25 1
16 767 4 29 3
34 59 19 48 3
9 362 13 24 0
31 362 13 12 3
79 14 30 39 0
109 449 3 25 2
68 337 13 25 2
79 412 5 44 3
44 40 25 41 3
44 574 35 28 0
77 186 41 30 2
79 359 18 40 2
13 480 37 13 3
45 358 21 18 1
11 606 2 25 2
9 11 27 34 0
53 724 17 24 1
66 615 21 28 0
71 334 4 35 3
106 276 11 37 1
99 123 2 21 2
41 67 3 37 1
47 256 33 34 3
91 9 37 27 3
39 542 23 31 2
91 473 32 30 2
24 155 18 38 0
80 442 23 41 3
95 265 18 26 0
87 425 36 14 3
71 654 23 15 0
61 250 23 38 0
66 300 44 49 2
28 618 18 21 1
56 457 21 46 0
95 38 36 42 1
93 157 5 29 1
70 710 19 28 0
40 633 24 36 1
38 762 27 18 0
51 730 47 15 3
108 284 33 27 0
62 94 42 10 2
78 360 20 33 2
75 227 26 49 1
49 284 18 28 1
47 109 12 38 0
30 238 11 25 0
3 297 22 12 0
54 54 30 15 3
32 225 28 32 0
57 657 12 30 3
118 709 31 47 2
29 329 7 28 2
55 240 14 44 1
57 142 24 24 1
10 209 25 11 0
58 311 1 14 0
24 72 31 46 2
103 339 17 31 2
7 773 35 29 3
102 110 45 37 2
94 448 24 22 0
111 517 45 23 2
77 593 28 12 0
13 168 18 17 2
32 267 41 44 1
14 518 23 27 0
52 642 19 14 2
39 625 39 22 1
82 699 1 36 1
100 457 49 19 0
106 303 31 36 2
56 149 16 42 2
75 312 35 29 1
107 704 25 40 0
2 271 32 23 1
68 403 48 42 3
38 63 48 28 1
114 55 33 44 0
87 211 19 33 2
45 489 19 39 3
112 575 8 28 2
101 263 26 31 3
78 7 44 42 3
20 104 2 35 3
91 734 28 28 0
63 579 15 44 2
88 779 47 11 3
96 620 32 47 2
16 556 48 37 3
92 584 44 46 1
40 518 24 48 3
69 298 1 29 0
21 146 7 48 0
40 525 45 24 3
15 128 23 40 3
60 271 0 16 2
96 682 28 37 3
52 335 11 33 1
3 54 43 27 1
68 552 42 19 3
63 430 13 37 2
87 601 32 14 1
4 268 2 24 3
61 143 18 11 2
111 660 45 40 3
61 344 29 19 1
29 577 44 33 0
26 335 14 20 1
100 786 10 17 3
80 610 23 37 0
117 565 17 13 0
46 437 18 39 0
20 198 40 16 3
54 173 18 33 1
60 722 8 21 3
5 244 47 22 1
55 557 15 38 3
97 484 32 32 0
93 640 21 40 3
0 108 36 44 3
118 516 6 35 2
108 34 45 49 1
118 698 31 25 1
21 691 14 16 0
16 31 2 43 1
24 687 39 39 1
50 771 4 11 0
30 668 6 17 1
25 701 11 34 2
17 250 15 10 3
95 276 15 15 1
78 216 20 14 0
103 605 10 37 0
115 312 7 27 2
24 623 1 24 0
107 409 14 30 1
98 18 26 39 3
54 763 17 40 2
15 663 17 44 2
88 513 23 43 1
3 65 30 44 0
42 31 9 37 0
83 652 37 11 1
46 124 3 11 0
50 593 23 28 0
89 336 2 15 3
98 289 25 16 3
109 499 47 15 1
100 191 1 30 1
114 423 30 21 2
47 146 25 44 1
75 107 2 32 2
23 756 19 29 0
85 61 27 18 0
2 273 18 13 1
46 139 13 39 1
77 53 7 14 0
18 68 31 20 2
59 640 37 46 3
105 46 15 20 3
68 316 11 33 3
107 394 7 18 0
11 214 29 43 2
86 241 41 12 0
13 684 48 23 2
46 627 37 11 2
93 280 5 14 2
78 796 47 21 3
103 155 14 36 1
39 541 24 20 3
77 308 39 47 0
36 248 45 34 3
56 212 22 22 2
32 229 29 31 1
51 375 16 17 2
74 313 44 31 0
55 340 30 33 1
36 280 30 33 1
18 367 39 47 3
44 633 8 20 3
44 110 9 28 3
73 377 8 38 3
79 645 35 42 1
114 18 37 42 0
6 159 33 16 0
73 147 22 35 0
82 89 21 43 0
51 141 13 26 3
91 260 48 15 1
92 339 10 14 2
113 171 35 11 1
29 625 14 28 1
37 115 35 16 1
112 253 34 45 1
30 356 9 27 3
110 152 12 49 0
65 177 20 23 1
4 316 49 14 3
15 392 35 30 0
29 718 41 29 3
48 764 46 12 1
67 467 46 29 3
60 778 12 13 1
16 767 34 19 1
50 386 6 30 0
89 491 24 12 3
9 657 35 35 2
75 356 43 18 3
50 5 12 39 0
48 479 36 15 2
118 171 25 42 1
81 629 29 49 0
31 486 23 20 2
92 253 35 39 3
108 193 24 23 0
10 482 6 10 0
31 90 35 48 2
53 223 2 26 2
70 526 4 13 1
79 726 2 18 1
12 311 41 32 3
50 728 11 39 1
112 166 40 46 2
7 177 14 40 3
61 393 26 49 3
13 316 41 13 1
66 181 26 27 1
59 474 37 23 1
54 777 42 48 1
67 798 0 24 1
9 564 36 24 3
82 540 22 34 3
94 525 7 33 1
55 407 21 10 1
45 612 8 26 3
96 36 48 17 2
23 177 24 34 0
41 692 14 11 1
81 38 46 24 1
47 676 35 27 3
111 366 12 26 0
71 777 10 13 3
86 448 6 38 1
0 359 18 14 1
96 253 38 42 2
70 104 1 38 2
93 762 48 37 0
30 285 41 31 3
30 605 12 45 3
18 566 28 12 1
91 300 31 36 3
70 313 36 36 2
103 35 7 23 3
103 372 3 23 1
56 241 24 25 3
79 674 43 27 3
62 188 26 46 0
3 163 40 46 1
103 4 4 17 2
31 486 20 32 3
50 58 34 42 3
67 556 21 14 1
22 356 46 49 3
10 93 27 40 3
46 573 27 33 0
61 328 49 30 3
58 734 44 22 0
112 552 20 28 0
53 461 37 49 1
108 91 15 49 1
87 661 22 48 2
113 479 36 49 1
107 750 22 39 3
83 251 8 32 0
62 96 36 11 3
25 742 48 21 3
21 737 1 29 1
27 444 14 23 0
57 143 36 43 2
92 186 6 33 0
86 85 31 47 3
114 446 1 22 3
40 4 38 38 3
55 744 5 10 3
101 677 20 10 0
102 478 41 24 0
53 458 22 10 1
70 359 1 27 3
54 622 1 42 1
9 624 34 22 0
45 460 11 33 2
112 72 8 42 1
33 343 19 47 2
14 261 27 29 2
68 81 36 39 3
22 323 21 22 2
29 390 19 27 0
70 272 32 33 1
106 115 26 11 2
116 127 25 17 0
75 317 10 48 2
114 152 26 20 1
74 56 8 32 0
119 691 5 23 1
39 286 3 38 0
91 548 48 38 3
74 215 21 17 1
97 375 40 41 0
26 653 43 20 3
29 674 33 29 3
89 133 3 32 0
23 477 25 33 2
108 280 6 25 1
71 727 46 34 1
10 380 21 29 3
31 304 1 46 0
8 791 13 10 3
64 282 48 46 1
2 150 29 32 2
60 54 37 47 1
4 169 37 19 3
53 772 31 13 1
4 34 47 31 0
93 441 39 31 2
24 326 6 44 1
11 596 25 35 2
75 484 34 11 2
29 459 1 46 2
74 105 20 43 0
51 482 4 38 3
2 771 16 33 1
45 434 9 33 3
37 12 23 39 1
11 544 14 14 3
76 307 40 14 0
28 529 46 26 2
91 77 34 22 2
60 253 49 34 2
49 7 14 10 3
61 47 29 22 2
61 472 7 11 3
115 9 49 38 2
114 215 28 23 0
17 667 16 10 2
4 373 44 20 2
32 421 0 11 0
70 547 23 15 2
39 708 14 20 2
46 13 29 14 0
106 17 10 14 0
100 736 26 22 3
103 84 36 16 0
28 629 34 24 2
7 583 19 18 2
116 624 11 33 1
18 126 19 19 1
63 277 48 23 3
86 380 28 44 3
23 119 30 16 2
107 713 13 44 0
0 16 10 38 2
1 486 36 38 1
2 103 19 44 2
109 142 5 39 2
91 49 31 36 2
84 770 23 17 2
112 612 19 46 3
69 89 32 41 3
99 289 35 34 0
76 728 49 16 1
115 112 32 13 3
105 324 16 25 3
50 544 3 33 1
43 501 44 34 3
115 327 6 23 3
32 99 42 14 0
69 453 27 41 2
64 396 29 10 1
40 552 41 26 2
32 477 26 33 2
76 688 18 11 1
99 73 1 20 1
65 125 30 40 0
109 242 27 31 3
39 222 28 13 2
65 44 29 21 3
82 750 20 37 0
55 262 14 45 0
74 395 34 46 3
116 204 11 16 1
81 421 10 30 2
52 511 45 36 3
14 122 40 15 3
26 727 28 25 1
35 577 40 39 3
28 229 12 46 2
33 685 41 47 0
64 573 27 41 3
27 35 4 29 3
118 573 12 29 0
46 546 21 45 1
92 593 19 10 3
52 189 6 42 3
75 619 48 31 1
68 595 26 49 2
4 581 5 43 1
13 328 4 49 0
116 689 15 45 3
74 413 11 45 1
99 240 10 29 1
44 678 23 23 2
69 683 36 40 0
103 569 29 11 0
57 775 20 49 1
12 716 17 46 0
57 774 5 35 3
91 602 12 25 1
2 713 8 17 3
38 6 3 10 2
105 345 16 40 0
62 741 45 47 0
20 761 39 18 0
69 454 18 41 1
117 647 41 48 2
51 79 44 40 1
37 757 21 40 3
97 346 8 38 3
83 264 19 33 1
105 707 42 38 2
96 369 1 40 2
51 452 9 27 0
43 143 44 42 2
88 49 21 22 0
17 66 1 29 2
97 730 5 19 0
0 134 31 22 3
22 185 37 30 2
76 282 10 16 0
117 547 49 43 0
22 201 16 40 2
5 254 31 39 2
10 669 29 44 3
104 284 47 47 1
61 281 28 13 2
117 185 5 39 3
8 752 8 23 1
52 184 11 47 3
10 791 27 39 0
44 173 33 35 2
7 533 31 13 3
63 745 47 42 3
62 60 20 47 2
80 726 12 40 1
45 285 25 12 3
1 164 48 28 0
14 172 45 41 3
65 759 5 22 2
98 768 2 24 1
79 412 31 30 1
52 480 30 45 2
84 681 2 26 3
4 465 41 15 3
104 474 14 13 2
117 192 12 15 0
56 214 31 13 3
112 354 47 24 3
69 725 33 47 1
93 290 24 46 2
104 536 13 10 1
36 190 22 48 3
27 623 21 45 0
114 442 20 42 0
107 612 11 27 2
112 696 45 18 2
40 583 33 38 1
86 609 20 41 0
74 462 13 14 1
1 715 26 37 0
112 657 17 32 0
0.0 240.0 -100.0 1.0 1.0 1.0
640.0 240.0 -10000.0 0.6 0.7 1.0
